date,x,y,percentChange,change
2007-03-26,1174867200000,7.55,,
2007-04-03,1175558400000,7.4,-1.987,-0.15
2007-05-03,1178150400000,7.1,-4.054,-0.30000000000000004
2007-06-01,1180656000000,7.25,2.113,0.15
2007-07-02,1183334400000,6.25,-13.793,-1.0
2007-08-01,1185926400000,6.9,10.4,0.65
2007-09-03,1188777600000,7.1,2.899,0.2
2007-10-01,1191196800000,7.25,2.113,0.15
2007-11-01,1193875200000,7.48,3.172,0.23
2007-12-03,1196640000000,7.38,-1.337,-0.1
2008-01-01,1199145600000,7.18,-2.71,-0.2
2008-02-01,1201824000000,7.38,2.786,0.2
2008-03-03,1204502400000,7.13,-3.388,-0.25
2008-04-02,1207094400000,7.3,2.384,0.17
2008-05-02,1209686400000,7.42,1.6440000000000001,0.12
2008-06-02,1212364800000,8.9,19.946,1.48
2008-07-01,1214870400000,9.25,3.933,0.35000000000000003
2008-08-01,1217548800000,9.0,-2.7030000000000003,-0.25
2008-09-01,1220227200000,8.65,-3.8890000000000002,-0.35000000000000003
2008-10-01,1222819200000,7.15,-17.341,-1.5
2008-11-03,1225670400000,7.05,-1.399,-0.1
2008-12-01,1228089600000,4.85,-31.206,-2.2
2009-01-01,1230768000000,4.7,-3.093,-0.15
2009-02-02,1233532800000,4.6,-2.128,-0.1
2009-03-02,1235952000000,4.7,2.174,0.1
2009-04-02,1238630400000,3.35,-28.723,-1.35
2009-05-04,1241395200000,3.3,-1.4929999999999999,-0.05
2009-06-01,1243814400000,3.35,1.5150000000000001,0.05
2009-07-01,1246406400000,3.25,-2.985,-0.1
2009-08-03,1249257600000,3.43,5.538,0.18
2009-09-01,1251763200000,3.3,-3.79,-0.13
2009-10-01,1254355200000,3.24,-1.818,-0.06
2009-11-03,1257206400000,3.341,3.117,0.101
2009-12-01,1259625600000,3.65,9.249,0.309
2010-01-01,1262304000000,3.9779999999999998,8.986,0.328
2010-02-01,1264982400000,4.15,4.324,0.17200000000000001
2010-03-02,1267488000000,4.25,2.41,0.1
2010-04-01,1270080000000,4.1,-3.529,-0.15
2010-05-03,1272844800000,5.0,21.951,0.9
2010-06-01,1275350400000,5.35,7.0,0.35000000000000003
2010-07-01,1277942400000,5.8,8.411,0.45
2010-08-02,1280707200000,6.1,5.172,0.30000000000000004
2010-09-01,1283299200000,6.3,3.279,0.2
2010-10-01,1285891200000,6.85,8.73,0.55
2010-11-01,1288569600000,6.9,0.73,0.05
2010-12-01,1291161600000,7.2,4.348,0.30000000000000004
2011-01-03,1294012800000,7.2,0.0,0.0
2011-02-01,1296518400000,7.15,-0.6940000000000001,-0.05
2011-03-01,1298937600000,7.25,1.399,0.1
2011-04-05,1301961600000,7.6,4.828,0.35000000000000003
2011-05-02,1304294400000,8.2,7.895,0.6000000000000001
2011-06-01,1306886400000,8.15,-0.61,-0.05
2011-07-01,1309478400000,8.4,3.067,0.25
2011-08-01,1312156800000,8.4,0.0,0.0
2011-09-02,1314921600000,8.45,0.595,0.05
2011-10-03,1317600000000,8.65,2.367,0.2
2011-11-01,1320105600000,8.86,2.428,0.21
2011-12-01,1322697600000,8.6,-2.935,-0.26
2012-01-02,1325462400000,8.73,1.512,0.13
2012-02-01,1328054400000,9.05,3.666,0.32
2012-03-01,1330560000000,8.95,-1.105,-0.1
2012-04-03,1333411200000,8.4,-6.145,-0.55
2012-05-02,1335916800000,8.35,-0.595,-0.05
2012-06-01,1338508800000,8.31,-0.47900000000000004,-0.04
2012-07-02,1341187200000,8.2,-1.324,-0.11
2012-08-01,1343779200000,8.23,0.366,0.03
2012-09-03,1346630400000,8.1,-1.58,-0.13
2012-10-01,1349049600000,8.2,1.235,0.1
2012-11-01,1351728000000,8.18,-0.244,-0.02
2012-12-03,1354492800000,8.17,-0.122,-0.01
2013-01-01,1356998400000,7.96,-2.5700000000000003,-0.21
2013-02-01,1359676800000,8.15,2.387,0.19
2013-03-01,1362096000000,7.96,-2.331,-0.19
2013-04-02,1364860800000,7.57,-4.899,-0.39
2013-05-02,1367452800000,7.35,-2.906,-0.22
2013-06-03,1370217600000,7.48,1.7690000000000001,0.13
2013-07-01,1372636800000,11.07,47.995,3.59
2013-08-01,1375315200000,11.18,0.994,0.11
2013-09-02,1378080000000,9.61,-14.043,-1.57
2013-10-01,1380585600000,8.65,-9.99,-0.96
2013-11-01,1383264000000,8.87,2.543,0.22
2013-12-02,1385942400000,8.53,-3.833,-0.34
2014-01-01,1388534400000,8.92,4.572,0.39
2014-02-03,1391385600000,9.14,2.466,0.22
2014-03-03,1393804800000,8.55,-6.455,-0.59
2014-04-02,1396396800000,8.89,3.977,0.34
2014-05-02,1398988800000,8.54,-3.9370000000000003,-0.35000000000000003
2014-06-02,1401667200000,8.58,0.468,0.04
2014-07-01,1404172800000,8.61,0.35000000000000003,0.03
2014-08-01,1406851200000,8.63,0.232,0.02
2014-09-01,1409529600000,8.56,-0.811,-0.07
2014-10-01,1412121600000,8.4,-1.869,-0.16
2014-11-03,1414972800000,8.3,-1.19,-0.1
2014-12-01,1417392000000,8.33,0.361,0.03
2015-01-01,1420070400000,8.18,-1.8010000000000002,-0.15
2015-02-02,1422835200000,8.38,2.445,0.2
2015-03-02,1425254400000,7.88,-5.967,-0.5
2015-04-06,1428278400000,7.95,0.888,0.07
2015-05-05,1430784000000,7.85,-1.258,-0.1
2015-06-01,1433116800000,7.61,-3.057,-0.24
2015-07-01,1435708800000,7.44,-2.234,-0.17
2015-08-03,1438560000000,7.41,-0.403,-0.03
2015-09-01,1441065600000,7.05,-4.858,-0.36
2015-10-01,1443657600000,7.11,0.851,0.06
2015-11-02,1446422400000,7.14,0.422,0.03
2015-12-01,1448928000000,7.17,0.42,0.03
2016-01-01,1451606400000,7.25,1.116,0.08
2016-02-01,1454284800000,7.27,0.276,0.02
2016-03-01,1456790400000,7.08,-2.613,-0.19
2016-04-04,1459728000000,6.83,-3.531,-0.25
2016-05-02,1462147200000,6.82,-0.146,-0.01
2016-06-01,1464739200000,6.59,-3.372,-0.23
2016-07-01,1467331200000,6.53,-0.91,-0.06
2016-08-01,1470009600000,6.5600000000000005,0.459,0.03
2016-09-01,1472688000000,6.45,-1.677,-0.11
2016-10-03,1475452800000,6.35,-1.55,-0.1
2016-11-01,1477958400000,5.92,-6.772,-0.43
2016-12-01,1480550400000,6.22,5.068,0.30000000000000004
2017-01-02,1483315200000,6.25,0.482,0.03
2017-02-01,1485907200000,6.09,-2.56,-0.16
2017-03-01,1488326400000,5.8,-4.7620000000000005,-0.29
2017-04-03,1491177600000,6.2,6.897,0.4
2017-05-02,1493683200000,6.28,1.29,0.08
2017-06-01,1496275200000,6.3,0.318,0.02
2017-07-03,1499040000000,6.14,-2.54,-0.16
2017-08-01,1501545600000,6.08,-0.977,-0.06
2017-09-01,1504224000000,6.08,0.0,0.0
2017-10-03,1506988800000,6.12,0.658,0.04
2017-11-01,1509494400000,6.13,0.163,0.01
2017-12-04,1512345600000,6.22,1.468,0.09
2018-01-01,1514764800000,6.42,3.215,0.2
2018-02-01,1517443200000,6.32,-1.558,-0.1
2018-03-01,1519862400000,6.12,-3.165,-0.2
2018-04-03,1522713600000,6.2,1.307,0.08
2018-05-02,1525219200000,6.42,3.548,0.22
2018-06-01,1527811200000,6.49,1.09,0.07
2018-07-02,1530489600000,6.71,3.39,0.22
2018-08-01,1533081600000,6.8100000000000005,1.49,0.1
2018-09-03,1535932800000,6.97,2.349,0.16
2018-10-01,1538352000000,6.95,-0.28700000000000003,-0.02
2018-11-01,1541030400000,6.75,-2.878,-0.2
2018-12-03,1543795200000,6.67,-1.185,-0.08
2019-01-01,1546300800000,6.58,-1.349,-0.09
2019-02-01,1548979200000,6.42,-2.432,-0.16
2019-03-01,1551398400000,6.12,-4.673,-0.30000000000000004
2019-04-02,1554163200000,6.4,4.575,0.28
2019-05-02,1556755200000,6.12,-4.375,-0.28
2019-06-03,1559520000000,6.01,-1.7970000000000002,-0.11
2019-07-01,1561939200000,5.73,-4.659,-0.28
2019-08-01,1564617600000,5.42,-5.41,-0.31
2019-09-03,1567468800000,5.34,-1.476,-0.08
2019-10-01,1569888000000,5.05,-5.431,-0.29
2019-11-01,1572566400000,4.91,-2.7720000000000002,-0.14
2019-12-02,1575244800000,5.05,2.851,0.14
2020-01-01,1577836800000,5.13,1.584,0.08
2020-02-03,1580688000000,5.08,-0.975,-0.05
2020-03-02,1583107200000,4.25,-16.339,-0.8300000000000001
2020-04-03,1585872000000,3.64,-14.353,-0.61
2020-05-04,1588550400000,3.27,-10.165,-0.37
2020-06-01,1590969600000,3.15,-3.67,-0.12
2020-07-01,1593561600000,3.31,5.079,0.16
2020-08-03,1596412800000,3.29,-0.604,-0.02
2020-09-01,1598918400000,3.31,0.608,0.02
2020-10-01,1601510400000,3.23,-2.417,-0.08
2020-11-02,1604275200000,2.93,-9.288,-0.30000000000000004
2020-12-01,1606780800000,3.07,4.7780000000000005,0.14
2021-01-01,1609459200000,3.37,9.772,0.30000000000000004
2021-02-01,1612137600000,3.17,-5.9350000000000005,-0.2
2021-03-01,1614556800000,3.27,3.155,0.1
2021-04-05,1617580800000,3.33,1.835,0.06
2021-05-03,1620000000000,3.41,2.402,0.08
2021-06-01,1622505600000,3.4,-0.293,-0.01
2021-07-01,1625097600000,3.41,0.294,0.01
2021-08-02,1627862400000,3.31,-2.933,-0.1
2021-09-01,1630454400000,3.45,4.23,0.14
2021-10-01,1633046400000,3.59,4.058,0.14
2021-11-01,1635724800000,3.55,-1.114,-0.04
2021-12-01,1638316800000,3.64,2.535,0.09
2022-01-03,1641168000000,3.76,3.297,0.12
2022-02-01,1643673600000,3.73,-0.798,-0.03
2022-03-02,1646179200000,3.83,2.681,0.1
2022-04-04,1649030400000,4.03,5.222,0.2
2022-05-02,1651449600000,4.91,21.836,0.88
2022-06-01,1654041600000,5.14,4.684,0.23
2022-07-01,1656633600000,5.6,8.949,0.46
2022-08-01,1659312000000,5.59,-0.179,-0.01
2022-09-01,1661990400000,6.09,8.945,0.5
2022-10-03,1664755200000,6.44,5.747,0.35000000000000003
2022-11-01,1667260800000,6.41,-0.466,-0.03
2022-12-01,1669852800000,6.34,-1.092,-0.07
2023-01-02,1672617600000,6.48,2.208,0.14
2023-02-01,1675209600000,6.91,6.636,0.43
2023-03-01,1677628800000,7.03,1.737,0.12
2023-04-03,1680480000000,6.87,-2.276,-0.16
2023-05-02,1682985600000,6.77,-1.456,-0.1
2023-06-01,1685577600000,6.77,0.0,0.0
