date,x,y,percentChange,change
1995-11-03,815356800000,862.1,,
1995-12-01,817776000000,908.53,5.386,46.43
1996-01-01,820454400000,848.42,-6.616,-60.11
1996-02-01,823132800000,992.51,16.983,144.09
1996-03-01,825638400000,985.3,-0.726,-7.21
1996-04-01,828316800000,1114.36,13.099,129.06
1996-05-01,830908800000,1089.92,-2.193,-24.44
1996-06-03,833760000000,1122.0,2.943,32.08
1996-07-01,836179200000,1042.81,-7.058,-79.19
1996-08-01,838857600000,1029.0,-1.324,-13.81
1996-09-02,841622400000,943.96,-8.264,-85.04
1996-10-01,844128000000,909.29,-3.673,-34.67
1996-11-01,846806400000,830.32,-8.685,-78.97
1996-12-02,849484800000,899.1,8.284,68.78
1997-01-01,852076800000,972.65,8.18,73.55
1997-02-03,854928000000,998.65,2.673,26.0
1997-03-01,857174400000,968.3,-3.039,-30.35
1997-04-01,859852800000,1079.85,11.52,111.55
1997-05-02,862531200000,1050.9,-2.681,-28.95
1997-06-02,865209600000,1192.4,13.465,141.5
1997-07-01,867715200000,1221.5,2.44,29.1
1997-08-01,870393600000,1105.0,-9.537,-116.5
1997-09-01,873072000000,1123.8,1.701,18.8
1997-10-01,875664000000,1085.25,-3.43,-38.55
1997-11-03,878515200000,1023.95,-5.648,-61.3
1997-12-01,880934400000,1079.4,5.415,55.45
1998-01-01,883612800000,963.45,-10.742,-115.95
1998-02-02,886377600000,1060.75,10.099,97.3
1998-03-02,888796800000,1116.9,5.293,56.15
1998-04-01,891388800000,1159.35,3.801,42.45
1998-05-04,894240000000,1063.15,-8.298,-96.2
1998-06-01,896659200000,941.65,-11.428,-121.5
1998-07-01,899251200000,931.4,-1.089,-10.25
1998-08-03,902102400000,852.8,-8.439,-78.6
1998-09-01,904608000000,904.95,6.115,52.15
1998-10-05,907545600000,824.55,-8.884,-80.4
1998-11-02,909964800000,817.75,-0.8250000000000001,-6.8
1998-12-01,912470400000,884.25,8.132,66.5
1999-01-01,915148800000,966.2,9.268,81.95
1999-02-01,917827200000,981.3,1.5630000000000002,15.1
1999-03-01,920246400000,1078.05,9.859,96.75
1999-04-01,922924800000,978.2,-9.262,-99.85
1999-05-03,925689600000,1132.3,15.753,154.1
1999-06-01,928195200000,1187.7,4.893,55.4
1999-07-01,930787200000,1310.15,10.31,122.45
1999-08-02,933552000000,1412.0,7.774,101.85
1999-09-01,936144000000,1413.1,0.078,1.1
1999-10-01,938736000000,1325.45,-6.203,-87.65
1999-11-01,941414400000,1376.15,3.825,50.7
1999-12-01,944006400000,1480.45,7.579,104.3
2000-01-03,946857600000,1546.2,4.441,65.75
2000-02-01,949363200000,1654.8,7.024,108.6
2000-03-01,951868800000,1528.45,-7.635,-126.35
2000-04-03,954720000000,1406.55,-7.975,-121.9
2000-05-02,957225600000,1380.45,-1.8559999999999999,-26.1
2000-06-01,959817600000,1471.45,6.592,91.0
2000-07-03,962582400000,1332.85,-9.419,-138.6
2000-08-01,965088000000,1394.1,4.595,61.25
2000-09-04,968025600000,1271.65,-8.783,-122.45
2000-10-03,970531200000,1172.75,-7.777,-98.9
2000-11-01,973036800000,1268.15,8.135,95.4
2000-12-01,975628800000,1263.55,-0.363,-4.6
2001-01-01,978307200000,1371.7,8.559,108.15
2001-02-01,980985600000,1351.4,-1.48,-20.3
2001-03-01,983404800000,1148.2,-15.036,-203.2
2001-04-02,986169600000,1125.25,-1.999,-22.95
2001-05-02,988761600000,1167.9,3.79,42.65
2001-06-01,991353600000,1107.9,-5.1370000000000005,-60.0
2001-07-02,994032000000,1072.85,-3.164,-35.05
2001-08-01,996624000000,1053.75,-1.78,-19.1
2001-09-03,999475200000,913.85,-13.276,-139.9
2001-10-01,1001894400000,971.9,6.352,58.05
2001-11-01,1004572800000,1067.15,9.8,95.25
2001-12-03,1007337600000,1059.05,-0.759,-8.1
2002-01-01,1009843200000,1075.4,1.544,16.35
2002-02-01,1012521600000,1142.05,6.198,66.65
2002-03-01,1014940800000,1129.55,-1.095,-12.5
2002-04-01,1017619200000,1084.5,-3.988,-45.05
2002-05-02,1020297600000,1028.8,-5.136,-55.7
2002-06-03,1023062400000,1057.8,2.819,29.0
2002-07-01,1025481600000,958.9,-9.35,-98.9
2002-08-01,1028160000000,1010.6,5.392,51.7
2002-09-02,1030924800000,963.15,-4.695,-47.45
2002-10-01,1033430400000,951.4,-1.22,-11.75
2002-11-01,1036108800000,1050.15,10.379,98.75
2002-12-02,1038787200000,1093.5,4.128,43.35
2003-01-01,1041379200000,1041.85,-4.723,-51.65
2003-02-03,1044230400000,1063.4,2.068,21.55
2003-03-03,1046649600000,978.2,-8.012,-85.2
2003-04-01,1049155200000,934.05,-4.513,-44.15
2003-05-02,1051833600000,1006.8,7.789,72.75
2003-06-02,1054512000000,1134.15,12.649000000000001,127.35
2003-07-01,1057017600000,1185.85,4.558,51.7
2003-08-01,1059696000000,1356.55,14.395,170.7
2003-09-01,1062374400000,1417.1,4.464,60.55
2003-10-01,1064966400000,1555.9,9.795,138.8
2003-11-03,1067817600000,1615.25,3.815,59.35
2003-12-01,1070236800000,1879.75,16.375,264.5
2004-01-01,1072915200000,1809.75,-3.724,-70.0
2004-02-03,1075766400000,1800.3,-0.522,-9.45
2004-03-01,1078099200000,1771.9,-1.5779999999999998,-28.4
2004-04-01,1080777600000,1796.1,1.366,24.2
2004-05-03,1083542400000,1483.6,-17.399,-312.5
2004-06-01,1086048000000,1505.6,1.483,22.0
2004-07-01,1088640000000,1632.3,8.415,126.7
2004-08-02,1091404800000,1631.75,-0.034,-0.55
2004-09-01,1093996800000,1745.5,6.971,113.75
2004-10-01,1096588800000,1786.9,2.372,41.4
2004-11-01,1099267200000,1958.8,9.62,171.9
2004-12-01,1101859200000,2080.5,6.213,121.7
2005-01-03,1104710400000,2057.6,-1.101,-22.9
2005-02-01,1107216000000,2103.25,2.219,45.65
2005-03-01,1109635200000,2035.65,-3.214,-67.6
2005-04-01,1112313600000,1902.5,-6.541,-133.15
2005-05-02,1114992000000,2087.55,9.727,185.05
2005-06-01,1117584000000,2220.6,6.374,133.05
2005-07-01,1120176000000,2312.3,4.13,91.7
2005-08-01,1122854400000,2384.65,3.129,72.35
2005-09-01,1125532800000,2601.4,9.089,216.75
2005-10-03,1128297600000,2370.95,-8.859,-230.45
2005-11-01,1130803200000,2652.25,11.864,281.3
2005-12-01,1133395200000,2836.55,6.949,184.3
2006-01-02,1136160000000,3001.1,5.801,164.55
2006-02-01,1138752000000,3074.7,2.452,73.6
2006-03-01,1141171200000,3402.55,10.663,327.85
2006-04-03,1144022400000,3557.6,4.557,155.05
2006-05-02,1146528000000,3071.05,-13.676,-486.55
2006-06-01,1149120000000,3128.2,1.861,57.15
2006-07-03,1151884800000,3143.2,0.48,15.0
2006-08-01,1154390400000,3413.9,8.612,270.7
2006-09-01,1157068800000,3588.4,5.111,174.5
2006-10-03,1159833600000,3744.1,4.339,155.7
2006-11-01,1162339200000,3954.5,5.62,210.4
2006-12-01,1164931200000,3966.4,0.301,11.9
2007-01-02,1167696000000,4082.7,2.932,116.3
2007-02-01,1170288000000,3745.3,-8.264,-337.4
2007-03-01,1172707200000,3821.55,2.036,76.25
2007-04-02,1175472000000,4087.9,6.97,266.35
2007-05-03,1178150400000,4295.8,5.086,207.9
2007-06-01,1180656000000,4318.3,0.524,22.5
2007-07-02,1183334400000,4528.85,4.876,210.55
2007-08-01,1185926400000,4464.0,-1.432,-64.85
2007-09-03,1188777600000,5021.35,12.485,557.35
2007-10-01,1191196800000,5900.65,17.511,879.3
2007-11-01,1193875200000,5762.75,-2.337,-137.9
2007-12-03,1196640000000,6138.6,6.522,375.85
2008-01-01,1199145600000,5137.45,-16.309,-1001.15
2008-02-01,1201824000000,5223.5,1.675,86.05
2008-03-03,1204502400000,4734.5,-9.362,-489.0
2008-04-01,1207008000000,5165.9,9.112,431.4
2008-05-02,1209686400000,4870.1,-5.726,-295.8
2008-06-02,1212364800000,4040.55,-17.034,-829.55
2008-07-01,1214870400000,4332.95,7.237,292.4
2008-08-01,1217548800000,4360.0,0.624,27.05
2008-09-01,1220227200000,3921.2,-10.064,-438.8
2008-10-01,1222819200000,2885.6,-26.41,-1035.6
2008-11-03,1225670400000,2755.1,-4.522,-130.5
2008-12-01,1228089600000,2959.15,7.406,204.05
2009-01-01,1230768000000,2874.8,-2.85,-84.35
2009-02-02,1233532800000,2763.65,-3.866,-111.15
2009-03-02,1235952000000,3020.95,9.31,257.3
2009-04-01,1238544000000,3473.95,14.995,453.0
2009-05-04,1241395200000,4448.95,28.066,975.0
2009-06-01,1243814400000,4291.1,-3.548,-157.85
2009-07-01,1246406400000,4636.45,8.048,345.35
2009-08-03,1249257600000,4662.1,0.553,25.65
2009-09-01,1251763200000,5083.95,9.048,421.85
2009-10-01,1254355200000,4711.7,-7.322,-372.25
2009-11-03,1257206400000,5032.7,6.813,321.0
2009-12-01,1259625600000,5201.05,3.345,168.35
2010-01-04,1262563200000,4882.05,-6.133,-319.0
2010-02-01,1264982400000,4922.3,0.8240000000000001,40.25
2010-03-02,1267488000000,5249.1,6.639,326.8
2010-04-01,1270080000000,5278.0,0.551,28.9
2010-05-03,1272844800000,5086.3,-3.632,-191.7
2010-06-01,1275350400000,5312.5,4.447,226.2
2010-07-01,1277942400000,5367.6,1.037,55.1
2010-08-02,1280707200000,5402.4,0.648,34.8
2010-09-01,1283299200000,6029.95,11.616,627.55
2010-10-01,1285891200000,6017.7,-0.203,-12.25
2010-11-01,1288569600000,5862.7,-2.576,-155.0
2010-12-01,1291161600000,6134.5,4.636,271.8
2011-01-03,1294012800000,5505.9,-10.247,-628.6
2011-02-01,1296518400000,5333.25,-3.136,-172.65
2011-03-01,1298937600000,5833.75,9.385,500.5
2011-04-01,1301616000000,5749.5,-1.444,-84.25
2011-05-02,1304294400000,5560.15,-3.293,-189.35
2011-06-01,1306886400000,5647.4,1.569,87.25
2011-07-01,1309478400000,5482.0,-2.9290000000000003,-165.4
2011-08-01,1312156800000,5001.0,-8.774000000000001,-481.0
2011-09-02,1314921600000,4943.25,-1.155,-57.75
2011-10-03,1317600000000,5326.6,7.755,383.35
2011-11-01,1320105600000,4832.05,-9.285,-494.55
2011-12-01,1322697600000,4624.3,-4.299,-207.75
2012-01-02,1325462400000,5199.25,12.433,574.95
2012-02-01,1328054400000,5385.2,3.576,185.95
2012-03-01,1330560000000,5295.55,-1.665,-89.65
2012-04-02,1333324800000,5248.15,-0.895,-47.4
2012-05-02,1335916800000,4924.25,-6.172,-323.9
2012-06-01,1338508800000,5278.9,7.202,354.65
2012-07-02,1341187200000,5229.0,-0.9450000000000001,-49.9
2012-08-01,1343779200000,5258.5,0.5640000000000001,29.5
2012-09-03,1346630400000,5703.3,8.459,444.8
2012-10-01,1349049600000,5619.7,-1.466,-83.6
2012-11-01,1351728000000,5879.85,4.629,260.15
2012-12-03,1354492800000,5905.1,0.429,25.25
2013-01-01,1356998400000,6034.75,2.196,129.65
2013-02-01,1359676800000,5693.05,-5.662,-341.7
2013-03-01,1362096000000,5682.55,-0.184,-10.5
2013-04-01,1364774400000,5930.2,4.358,247.65
2013-05-02,1367452800000,5985.95,0.9400000000000001,55.75
2013-06-03,1370217600000,5842.2,-2.401,-143.75
2013-07-01,1372636800000,5742.0,-1.7149999999999999,-100.2
2013-08-01,1375315200000,5471.8,-4.7059999999999995,-270.2
2013-09-02,1378080000000,5735.3,4.816,263.5
2013-10-01,1380585600000,6299.15,9.831,563.85
2013-11-01,1383264000000,6176.1,-1.953,-123.05
2013-12-02,1385942400000,6304.0,2.071,127.9
2014-01-01,1388534400000,6089.5,-3.403,-214.5
2014-02-03,1391385600000,6276.95,3.078,187.45
2014-03-03,1393804800000,6704.2,6.807,427.25
2014-04-01,1396310400000,6696.4,-0.116,-7.8
2014-05-02,1398988800000,7229.95,7.968,533.55
2014-06-02,1401667200000,7611.35,5.275,381.4
2014-07-01,1404172800000,7721.3,1.445,109.95
2014-08-01,1406851200000,7954.35,3.018,233.05
2014-09-01,1409529600000,7964.8,0.131,10.45
2014-10-01,1412121600000,8322.2,4.487,357.4
2014-11-03,1414972800000,8588.25,3.197,266.05
2014-12-01,1417392000000,8282.7,-3.558,-305.55
2015-01-01,1420070400000,8808.9,6.353,526.2
2015-02-02,1422835200000,8901.85,1.055,92.95
2015-03-02,1425254400000,8491.0,-4.615,-410.85
2015-04-01,1427846400000,8181.5,-3.645,-309.5
2015-05-04,1430697600000,8433.65,3.082,252.15
2015-06-01,1433116800000,8368.5,-0.773,-65.15
2015-07-01,1435708800000,8532.85,1.964,164.35
2015-08-03,1438560000000,7971.3,-6.5809999999999995,-561.55
2015-09-01,1441065600000,7948.9,-0.281,-22.4
2015-10-01,1443657600000,8065.8,1.471,116.9
2015-11-02,1446422400000,7935.25,-1.619,-130.55
2015-12-01,1448928000000,7946.35,0.14,11.1
2016-01-01,1451606400000,7563.55,-4.817,-382.8
2016-02-01,1454284800000,6987.05,-7.622,-576.5
2016-03-01,1456790400000,7738.4,10.753,751.35
2016-04-01,1459468800000,7849.8,1.44,111.4
2016-05-02,1462147200000,8160.1,3.9530000000000003,310.3
2016-06-01,1464739200000,8287.75,1.564,127.65
2016-07-01,1467331200000,8638.5,4.232,350.75
2016-08-01,1470009600000,8786.2,1.71,147.7
2016-09-01,1472688000000,8611.15,-1.992,-175.05
2016-10-03,1475452800000,8625.7,0.169,14.55
2016-11-01,1477958400000,8224.5,-4.651,-401.2
2016-12-01,1480550400000,8185.8,-0.47100000000000003,-38.7
2017-01-02,1483315200000,8561.3,4.587,375.5
2017-02-01,1485907200000,8879.6,3.718,318.3
2017-03-01,1488326400000,9173.75,3.313,294.15
2017-04-03,1491177600000,9304.05,1.42,130.3
2017-05-02,1493683200000,9621.25,3.409,317.2
2017-06-01,1496275200000,9520.9,-1.043,-100.35
2017-07-03,1499040000000,10077.1,5.842,556.2
2017-08-01,1501545600000,9917.9,-1.58,-159.2
2017-09-01,1504224000000,9788.6,-1.304,-129.3
2017-10-03,1506988800000,10335.3,5.585,546.7
2017-11-01,1509494400000,10226.55,-1.052,-108.75
2017-12-01,1512086400000,10530.7,2.974,304.15
2018-01-01,1514764800000,11027.7,4.72,497.0
2018-02-01,1517443200000,10492.85,-4.85,-534.85
2018-03-01,1519862400000,10113.7,-3.613,-379.15
2018-04-02,1522627200000,10739.35,6.186,625.65
2018-05-02,1525219200000,10664.4,-0.6980000000000001,-74.95
2018-06-01,1527811200000,10714.3,0.468,49.9
2018-07-02,1530489600000,11356.5,5.994,642.2
2018-08-01,1533081600000,11680.5,2.8529999999999998,324.0
2018-09-03,1535932800000,10930.45,-6.421,-750.05
2018-10-01,1538352000000,10386.6,-4.976,-543.85
2018-11-01,1541030400000,10876.75,4.719,490.15
2018-12-03,1543795200000,10862.55,-0.131,-14.2
2019-01-01,1546300800000,10830.95,-0.291,-31.6
2019-02-01,1548979200000,10792.5,-0.355,-38.45
2019-03-01,1551398400000,11623.9,7.703,831.4
2019-04-01,1554076800000,11748.15,1.069,124.25
2019-05-02,1556755200000,11922.8,1.487,174.65
2019-06-03,1559520000000,11788.85,-1.123,-133.95
2019-07-01,1561939200000,11118.0,-5.691,-670.85
2019-08-01,1564617600000,11023.25,-0.852,-94.75
2019-09-03,1567468800000,11474.45,4.093,451.2
2019-10-01,1569888000000,11877.45,3.512,403.0
2019-11-01,1572566400000,12056.05,1.504,178.6
2019-12-02,1575244800000,12168.45,0.932,112.4
2020-01-01,1577836800000,11962.1,-1.6960000000000002,-206.35
2020-02-01,1580515200000,11201.75,-6.356,-760.35
2020-03-02,1583107200000,8597.75,-23.246,-2604.0
2020-04-01,1585699200000,9859.9,14.68,1262.15
2020-05-04,1588550400000,9580.3,-2.836,-279.6
2020-06-01,1590969600000,10302.1,7.534,721.8
2020-07-01,1593561600000,11073.45,7.487,771.35
2020-08-03,1596412800000,11387.5,2.836,314.05
2020-09-01,1598918400000,11247.55,-1.229,-139.95
2020-10-01,1601510400000,11642.4,3.511,394.85
2020-11-02,1604275200000,12968.95,11.394,1326.55
2020-12-01,1606780800000,13981.75,7.809,1012.8
2021-01-01,1609459200000,13634.6,-2.483,-347.15
2021-02-01,1612137600000,14529.15,6.561,894.55
2021-03-01,1614556800000,14690.7,1.112,161.55
2021-04-01,1617235200000,14631.1,-0.406,-59.6
2021-05-03,1620000000000,15582.8,6.505,951.7
2021-06-01,1622505600000,15721.5,0.89,138.7
2021-07-01,1625097600000,15763.05,0.264,41.55
2021-08-02,1627862400000,17132.2,8.686,1369.15
2021-09-01,1630454400000,17618.15,2.836,485.95
2021-10-01,1633046400000,17671.65,0.304,53.5
2021-11-01,1635724800000,16983.2,-3.896,-688.45
2021-12-01,1638316800000,17354.05,2.184,370.85
2022-01-03,1641168000000,17339.85,-0.082,-14.2
2022-02-01,1643673600000,16793.9,-3.149,-545.95
2022-03-02,1646179200000,17464.75,3.995,670.85
2022-04-01,1648771200000,17102.55,-2.074,-362.2
2022-05-02,1651449600000,16584.55,-3.029,-518.0
2022-06-01,1654041600000,15780.25,-4.85,-804.3
2022-07-01,1656633600000,17158.25,8.732,1378.0
2022-08-01,1659312000000,17759.3,3.503,601.05
2022-09-01,1661990400000,17094.35,-3.7439999999999998,-664.95
2022-10-03,1664755200000,18012.2,5.369,917.85
2022-11-01,1667260800000,18758.35,4.142,746.15
2022-12-01,1669852800000,18105.3,-3.481,-653.05
2023-01-02,1672617600000,17662.15,-2.448,-443.15
2023-02-01,1675209600000,17303.95,-2.028,-358.2
2023-03-01,1677628800000,17359.75,0.322,55.8
2023-04-03,1680480000000,18065.0,4.063,705.25
2023-05-02,1682985600000,18534.4,2.598,469.4
2023-06-01,1685577600000,18755.9,1.195,221.5
